#  casos mensais de TB no AM, desde 2001 - Fonte SINAN
214
150
258
199
178
196
213
214
176
182
175
175	
203
181
199
182
196
179
208
187
185
199
205
155
209
199
143
192
158
203
187
215
227
217
223
196
192
156
205
221
222
210
248
238
200
219
241
205
205
196
206
230
262
242
216
216	
189	
145	
194	
184	
176	
211	
241	
196	
199	
211	
204	
217	
192	
185	
204	
193
211
195
231
225
231
219
209	
207	
165	
201	
208	
152
208	
195	
170	
224	
235	
294	
256	
235	
244	
240	
195	
195
208	
206	
266	
247	
221	
215	
229	
218	
211	
212	
214	
170
232	
191	
268	
229	
202	
233	
236	
249	
262	
208	
224	
219
203	
231	
246	
233	
262	
229	
211	
228	
214	
220	
211	
197
209	
207	
251	
242	
291	
286	
283	
255	
200	
227	
199	
192
285	
215	
223	
289	
269	
241	
275	
267	
277	
276	
231	
218
289	
264
222	
255	
298	
256	
289	
274	
278	
265	
239	
244
276	
250	
316	
287	
262	
305	
319	
281	
282	
280	
296	
272
279	
251	
306	
278	
278	
363	
261	
302	
255	
245	
224	
212
305	
257	
341	
301	
381	
313	
347	
341	
259	
291	
280	
290
314	
270	
332	
353	
336	
312	
345	
364	
295	
337	
302	
229
