69.66
59.59
70.93
80.63
85.38
87.99
99.53
100.98
93.59
98.71
85.13
65.71
65.92
69.66
69.39
68.31
73.17
80.58
87.97
86.34
85.55
89.69
89.97
77.43
74.2
71.24
85.3
79.38
87.53
89.04
95.43
95.62
93.13
93.37
93.53
82.34
77.26
70.77
86.44
75.74
88.42
90.14
94.75
105.5
102.19
100.15
102.52
91.49
88.39
83.39
98.7
86.6
94.29
95.14
96.7
106.73
100.43
105.34
105.95
91.38
89.88
83.33
92.33
90.63
102.34
96.27
112.66
114.13
109.74
116.76
112.28
93.77
94.26
84.37
94.15
100.52
100.17
103.57
109.01
109.97
116.2
121.19
106.87
87.85
83.23
80.69
95.15
91.29
98.44
99.23
106.11
105.22
106.35
105.71
102.83
87.09
79.05
74.06
92.06
88.15
93.49
94.87
99.54
104.65
105.15
105.2
103.45
88.81
81.11
87.47
91.63
85.8
96.68
97.64
101.49
109.3
101.56
111.03
108.4
96.02
89.95
84.96
97.62
91.04
101.91
95.82
101.35
108.31
101.27
108.76
110.13
90.55
91.04
86.64
95.39
99.37
97.55
91.57
101.92
105.78
104.49
118.24
111.66
96.31
90.51
88.2
89.6
90.47
94.48
89.68
96.49
98.49
106.22
114.25
109.63
99.96
92.85
86.57
103.72
96.5
100.09
100.26
104.79
110.43
114.33
116.13
119.12
108.86
100.55
93.63
108.02
106.84
110.51
111.17
110.14
120.1
114.4
118.03
121.33
114.18
104.24
101.4
115.97
105.06
116.73
111.4
113.39
122.74
117.83
126.43
126.35
111.79
107.24
101.43
117.76
109.71
121.95
118.08
120.62
130.45
123.07
137.79
133.81
115.31
115.92
107.1
117.06
120.37
123.5
122.78
128.18
130.12
134.05
138.74
123.64
103.46
99.8
98.01
115.54
109.9
117.19
115.08
123.23
127.76
128
139.04
132.66
119.15
111.06
111.08
132.56
121.61
126.39
122.2
127.66
133.2
133.99
138.57
137.72
120.86
113.64
119.12
129.25
118.25
129.22
121.1
128.34
136.44
129.01
133.41
133.21
118.67
113.34
112.62
129.26
115.9
123.76
117.86
125.31
