20.45
21.93
23.38
25.48
27.36
28.43
28.43
27.35
24.87
21.5
19.83
19.05
20.63
23.37
25.03
26.55
27.52
28.11
27.72
26.06
22.58
18.65
17.39
18.68
22.05
22.72
24.37
26.11
27.6
28.7
28.68
27.38
24.8
19.69
18.67
20.86
22.12
22.3
23.21
24.97
26.87
28.08
28
26.92
24.22
20.18
19.19
19.17
20.91
22.12
22.75
24.88
26.39
27.05
26.51
25.31
22.91
20.36
19.39
20.29
21.51
22.46
24.93
26.53
27.79
27.89
26.62
23.44
18.61
15.43
17.1
19.8
22.38
24.77
26.19
26.8
28.03
28.74
27.82
25.45
21.3
17.51
17.66
20.48
22.35
23.45
23.61
25.23
27.08
28.06
27.78
26.08
21.78
18.27
18.6
20.45
22.75
24.37
25.76
26.7
27.63
28.5
27.98
26.03
22.04
18.95
19.06
21.05
23.53
25.63
26.8
28.15
28.99
29.46
29.49
27.97
24.69
19.18
17.18
17.58
NA
NA
NA
NA
NA
27.96
NA
NA
NA
14.94
14.77
17.68
19.52
21.77
23.99
25.77
27.55
28.53
28.22
26.3
20.88
17.22
17.57
19.2
22.3
25.15
27.01
28.46
29.71
29.65
28.67
26.77
22.59
