274773
278429.72
270420
279044.7
283866
285251
295884
296649.53
308616.48
319945.58
310684.18
321545.42
299782.72
289645.34
289247.04
296436.19
297431.24
310960.75
317580.81
322775.98
338804.21
332436.19
334370.91
315160.26
298209.95
304794.69
302554.01
315254.42
314094.47
322463.08
330310.03
339054.1
359009.08
346915.24
355092.82
336693.14
312475
320268
323030
334719
335441
350911
337251
356199
361337
367171
376022
360832
331368
331440
339761
341144
361100
359481
359733
390771
398919
388833
394311
359102
329661
318688
331379
334981
345127
351824
347954
394413
391390
409734
405576
401029
369600
368840
363423
404806
392430
404911
388102
419005
432059
435048
429563
407452
388938
377546
394293
394888
399888
422015
425545
458233
468046
469410
450418
436132
425582
473933
455374
437666
451756
456900
459974
493586
477170
496783
507143
460459
459640
446605
457277
479972
484281
493425
517886
520991
519050
549053
532085
505958
501549
479463
495404
498706
529186
493025
528946
547175
569778
559531
544129
528333
524542
485964
517260
508045
509000
504937
530012
558743
571653
603861
538961
504238
509002
490478
504398
485366
485827
489546
511318
499234
507842
516974
546929
443651
474520
440633
475312

