3854.71
3348.74
2952.73
3299.03
3957.03
3718.70
3876.69
4240.53
4648.83
4445.28
4050.91
4274.01
4805.09
5260.76
4920.49
5005.79
5470.37
5782.02
6275.27
6249.46
6431.36
6618.62
6612.12
6825.31
7576.82
8625.12
9228.4
9586.9
10575.5
11924.4
12710.3
11666.9
11363.4
11951.9
9134.1
9667.2
9657.81
10233.94
11506.39
11822.04
10583.27
9784.57
10515.44
8472.13
6368.12
6686.22
8251.54
7293.19
6992.20
8800.24
10148.89
11204.77
11710.19
11351.40
11264.82
10175.90
11311.24
11291.03
13095.89
15024.78
16977.97
17792.35
18053.41
15954.01
14697.79
16443.24
17125.65
17170.60
16683.24
15062.25
14425.78
14683.31
17081.50
16622.97
15358.35
14423.16
14697.42
14879.91
13964.47
13429.01
11040.96
10942.22
12799.61
13317.55
13429.32
13184.30
13907.47
13346.38
12535.02
11729.64
10340.97
9788.72
9659.21
9161.03
10039.33
10843.07
11493.69
10357.32
10878.79
12080.39
13090.36
13520.78
13548.41
13959.66
16105.96
17765.79
18985.37
21170.69
23413.86
21931.15
21953.89
21872.34
18876.70
20203.97
21744.17
22276.19
22716.18
23371.02
23994.64
25529.53
24485.22
26473.80
27706.66
25553.45
24788.89
25408.68
25217.71
26978.63
29800.10
29900.22
31084.52
33121.96
36053.22
37564.70
37764.85
39124.90
39068.59
35091.82
36280.01
36937.16
36137.26
38560.78
41123.58
43264.54
43390.78
45162.67
43932.96
48014.90
51169.89
53580.91
56187.09
52054.72
56236.14
62622.12
62612.19
63593.50
59518.38
62485.31
61595.19
64110.95
71075.03
67332.18
59943.65
55608.13
50585.78
38122.37
35960.02
37614.14
39438.15
40242.72
39465.50
45141.31
50791.77
52048.74
52001.14
56571.65
59117.74
64029.61
65917.40
68213.50
68567.61
65827.46
69088.44
69787.61
62654.21
63469.42
64017.06
66595.33
67727.98
70579.10
70417.87
68570.41
69855.74
66533.07
67255.27
67429.17
63823.00
62408.38
60508.89
53736.77
55481.85
54515.23
57158.33
57466.13
60577.46
65435.87
66571.20
62577.80
57230.38
54691.98
54511.20
58233.53
